================================================================================
DEEPFASHION2 KEYPOINT MAPPING REPORT
================================================================================

Category: vest
Total landmarks: 294

================================================================================
HIGH CONFIDENCE LANDMARKS (>70%)
================================================================================

Index    X        Y        Confidence   Notes
--------------------------------------------------------------------------------
0        1732     802      0.851        
1        1521     802      0.956        **COLLAR_LEFT**
2        1647     928      0.891        
3        1774     928      0.845        
4        1859     844      0.964        
5        1859     717      0.935        
6        1309     971      0.765        
7        1140     1182     0.703        **SHOULDER_LEFT**
8        676      1900     0.855        **HEM_LEFT**
9        887      2026     0.877        
10       1309     1477     0.729        
13       1394     1731     0.785        
14       1478     2195     0.953        
15       2028     2195     0.843        
16       2535     1984     0.937        
17       2450     1562     0.829        
19       2323     1182     0.723        
21       3084     1646     0.797        **HEM_RIGHT**
22       3211     1435     0.745        **CHEST_RIGHT**
23       2492     886      0.735        **COLLAR_RIGHT**
24       2154     760      0.806        
25       1732     802      0.856        
26       1521     802      0.963        **COLLAR_LEFT**
27       1647     928      0.898        
28       1774     928      0.844        
29       1859     844      0.954        
30       1859     717      0.935        
31       1309     971      0.787        
34       802      1604     0.721        **CHEST_LEFT**
35       676      1900     0.885        **HEM_LEFT**
36       887      2026     0.902        
37       1056     1815     0.779        
39       1309     1477     0.774        
42       1394     1731     0.761        
43       1478     2195     0.908        
44       2028     2195     0.793        
45       2535     1984     0.921        
46       2450     1562     0.840        
47       2323     1266     0.703        
48       2281     1182     0.754        
49       2450     1266     0.715        
52       3084     1646     0.828        **HEM_RIGHT**
53       3211     1435     0.830        **CHEST_RIGHT**
54       2999     1266     0.716        
56       2492     886      0.712        **COLLAR_RIGHT**
57       2154     760      0.809        
58       1732     802      0.830        
60       1605     928      0.733        
62       1859     844      0.911        
64       1309     971      0.800        
65       1140     1182     0.726        **SHOULDER_LEFT**
66       676      1900     0.870        **HEM_LEFT**
67       887      2026     0.927        
68       1267     1562     0.821        
69       1394     1351     0.701        
71       1394     1731     0.827        
72       1478     2195     0.986        
74       2535     1984     0.987        
75       2450     1562     0.885        
76       2323     1266     0.741        
77       2323     1182     0.770        
78       2492     1351     0.707        
79       3084     1646     0.876        **HEM_RIGHT**
80       3211     1435     0.798        **CHEST_RIGHT**
81       2492     886      0.759        **COLLAR_RIGHT**
82       2154     760      0.825        
89       1732     802      0.886        
90       1521     802      0.982        **COLLAR_LEFT**
91       1605     928      0.709        
93       1859     844      0.884        
94       1859     717      0.949        
95       1309     971      0.758        
98       802      1604     0.752        **CHEST_LEFT**
99       676      1900     0.901        **HEM_LEFT**
100      887      2026     0.917        
101      1056     1815     0.811        
103      1309     1477     0.767        
106      1394     1731     0.797        
107      1478     2195     0.945        
109      2535     1984     0.933        
110      2450     1562     0.841        
111      2323     1266     0.728        
112      2281     1182     0.766        
113      2450     1266     0.734        
116      3084     1646     0.838        **HEM_RIGHT**
117      3211     1435     0.851        **CHEST_RIGHT**
118      2999     1266     0.732        
120      2492     886      0.740        **COLLAR_RIGHT**
121      2154     760      0.805        
128      1732     802      0.827        
129      1521     802      0.952        **COLLAR_LEFT**
130      1647     928      0.879        
131      1774     928      0.831        
132      1859     844      0.952        
133      1859     717      0.945        
136      1394     1731     0.774        
137      1478     2195     0.950        
138      2028     2195     0.850        
139      2535     1984     0.965        
140      2450     1562     0.834        
146      1774     928      0.804        
151      1394     1731     0.792        
152      1478     2195     0.944        
153      2028     2195     0.858        
154      2535     1984     0.957        
155      2450     1562     0.901        
156      2323     1266     0.747        
162      1478     2195     0.788        
166      2535     1984     0.775        
173      1478     2195     0.884        
179      2535     1984     0.743        
186      1478     2195     0.860        
187      2028     2195     0.849        
188      2535     1984     0.901        
190      1732     802      0.824        
191      1521     802      0.951        **COLLAR_LEFT**
192      1647     928      0.882        
193      1774     928      0.876        
194      1859     844      0.939        
195      1859     717      0.916        
196      1309     971      0.771        
197      1140     1182     0.702        **SHOULDER_LEFT**
198      676      1900     0.875        **HEM_LEFT**
199      887      2026     0.863        
200      1309     1477     0.729        
206      1478     2195     0.880        
207      2028     2195     0.825        
208      2535     1984     0.939        
212      2323     1266     0.708        
213      2281     1182     0.741        
215      3084     1646     0.784        **HEM_RIGHT**
216      3211     1435     0.753        **CHEST_RIGHT**
217      2492     886      0.741        **COLLAR_RIGHT**
218      2154     760      0.804        
219      1732     802      0.852        
220      1521     802      0.950        **COLLAR_LEFT**
221      1647     928      0.902        
222      1774     928      0.858        
223      1859     844      0.942        
224      1859     717      0.937        
225      1309     971      0.766        
228      802      1604     0.756        **CHEST_LEFT**
229      676      1900     0.902        **HEM_LEFT**
230      887      2026     0.918        
231      1056     1815     0.800        
233      1309     1477     0.743        
239      1478     2195     0.912        
240      2028     2195     0.819        
241      2535     1984     0.957        
245      2323     1266     0.720        
246      2281     1182     0.760        
247      2450     1266     0.718        
250      3084     1646     0.821        **HEM_RIGHT**
251      3211     1435     0.859        **CHEST_RIGHT**
252      2999     1266     0.734        
254      2492     886      0.716        **COLLAR_RIGHT**
255      2154     760      0.805        
256      1732     802      0.799        
257      1521     802      0.943        **COLLAR_LEFT**
258      1647     928      0.875        
259      1774     928      0.815        
260      1859     844      0.924        
261      1859     717      0.927        
267      1478     2195     0.875        
268      2028     2195     0.845        
269      2535     1984     0.939        
273      2323     1266     0.708        
286      1478     2195     0.898        
287      2028     2195     0.859        
288      2535     1984     0.924        
292      2323     1266     0.705        

================================================================================
KEY MEASUREMENT POINTS
================================================================================

collar_left: [1521, 802]
collar_right: [2492, 886]
shoulder_left: [1140, 1182]
shoulder_right: [2788, 1097]
chest_left: [802, 1604]
chest_right: [3211, 1435]
hem_left: [676, 1900]
hem_right: [3084, 1646]
cuff_left: [676, 1900]
cuff_right: [3211, 1435]
